# oST version 5.0 parameters


[image]

width
640

height
480

[narrow_stereo/left]

camera matrix
589.755790 0.000000 315.567833
0.000000 591.466741 221.863812
0.000000 0.000000 1.000000

distortion
0.047483 -0.141835 -0.011695 0.003641 0.000000

rectification
0.984362 -0.022813 0.174676
0.023379 0.999726 -0.001183
-0.174602 0.005248 0.984625

projection
656.871230 0.000000 210.516438 0.000000
0.000000 656.871230 212.792830 0.000000
0.000000 0.000000 1.000000 0.000000

# oST version 5.0 parameters


[image]

width
640

height
480

[narrow_stereo/right]

camera matrix
588.845415 0.000000 329.733184
0.000000 589.279351 218.385756
0.000000 0.000000 1.000000

distortion
-0.003176 -0.012422 -0.010030 0.006297 0.000000

rectification
0.992359 -0.012455 0.122751
0.012058 0.999919 0.003977
-0.122791 -0.002466 0.992430

projection
656.871230 0.000000 210.516438 -5.234414
0.000000 656.871230 212.792830 0.000000
0.000000 0.000000 1.000000 0.000000

